10101011101110
10101110111010
11101110101010
11101011101010
10111010101110
10111010101110
11101011101010
11101110101010
10111010101110
10101011101110
10101110101110
10111010111010
10111010101110
11101011101010
11101110101010
10111010111010
11101011101010
11101010111010
10111011101010
11101010111010
10101110101110
10101110111010
10101110101110
10101110101110
11101110101010
10101011101110
11101010111010
10111010101110
11101011101010
11101011101010
10101110101110
11101010101110
11101011101010
10101110111010
11101011101010
10101110111010
11101010111010
11101110101010
11101010111010
10101110111010
11101010111010
10111010111010
11101011101010
11101110101010
11101010101110
11101110101010
10101011101110
10111010101110
10111010111010
10111010111010
10101011101110
10101110111010
10101110101110
11101011101010
11101010101110
10111011101010
11101110101010
11101010101110
10101011101110
11101011101010
11101010101110
11101010101110
10101110111010
11101110101010
10111010101110
10111010111010
11101010101110
11101010101110
10101011101110
11101010111010
10101110111010
11101010101110
10101011101110
11101010111010
10111010111010
10111010111010
10111010101110
11101010101110
10111011101010
10101110111010
10101110111010
10111010111010
11101110101010
10111011101010
11101010111010
10101110111010
10101110101110
10111011101010
10111010111010
11101011101010
11101010111010
11101010111010
11101011101010
11101110101010
10111011101010
10111010101110
10111010101110
10111010111010
10101110101110
11101010101110
10101110111010
11101010101110
10101110101110
11101010101110
10111010101110
10101011101110
10111010101110
10111010111010
10111010111010
11101010101110
10111011101010
10101110101110
10101110101110
10101110111010
11101011101010
11101110101010
10111010101110
10111011101010
11101010101110
10111010101110
10101110101110
10101110111010
11101010101110
10111010101110
11101110101010
10111010101110
11101010111010
11101010101110
10101110101110
10101011101110
11101010111010
10111011101010
10101110111010
10111011101010
11101010111010
10111010101110
10101011101110
10111010101110
10101011101110
10101011101110
11101010111010
10111010111010
10101011101110
10111010111010
11101010111010
11101010111010
10111011101010
11101010101110
10111010101110
10101011101110
11101010111010
11101110101010
10101110101110
10111010111010
10101110111010
11101010111010
11101110101010
11101011101010
10101011101110
10101110101110
11101011101010
10111011101010
11101110101010
10101011101110
10101110111010
10101110101110
10101110101110
10111010111010
10101110111010
11101110101010
10101110101110
10111011101010
10101110111010
10111010101110
11101010101110
10101110101110
11101010111010
10101110111010
10101110101110
10111011101010
11101011101010
11101010111010
10111010111010
10111010111010
11101011101010
10101110101110
10111011101010
10101110111010
11101110101010
10111010111010
10111010101110
10111010111010
10111010101110
10101110101110
10111010101110
11101011101010
10101110101110
11101110101010
11101010101110
11101010101110
10111010111010
11101010111010
11101110101010
10111011101010
11101010101110
10111010101110
10101110101110
10101011101110
10101110111010
10101110111010
11101110101010
10111011101010
10101110111010
10111011101010
11101011101010
10101110111010
11101010111010
11101011101010
10101011101110
10101011101110
10101011101110
11101010111010
11101010101110
10101110111010
10111010111010
10101110111010
10111010101110
11101010101110
10111011101010
10111011101010
11101110101010
11101010101110
10101110101110
11101110101010
10101110111010
10101110101110
11101010101110
10101110101110
10111011101010
10111010111010
11101110101010
11101011101010
11101010111010
10111010111010
10111011101010
10111010101110
10101110111010
10111011101010
10111010111010
10101110101110
10101011101110
10101011101110
11101110101010
10101110111010
10101011101110
11101010101110
10101110111010
10101110111010
10111011101010
10101110111010
11101110101010
10101011101110
10101110101110
10101011101110
10101110111010
11101010101110
11101010101110
10101110101110
10101110101110
11101110101010
10111011101010
11101010101110
11101110101010
10111010111010
11101010101110
10111011101010
10111010111010
10111010101110
10111011101010
11101010111010
10111011101010
10111010111010
11101011101010
11101110101010
10111010101110
10101110101110
10101110101110
11101011101010
10101110101110
10111010111010
10111010111010
11101011101010
10101110101110
10101110111010
11101010111010
11101010101110
10101110101110
11101010111010
10101110101110
10111011101010
10101110111010
10101110111010
10101110101110
10101011101110
10101110111010
10111010101110
10111011101010
10101110101110
10111010111010
10111011101010
11101110101010
10111011101010
11101011101010
11101110101010
10101110101110
10111011101010
11101010101110
11101010101110
10101110111010
10111011101010
10101011101110
10101110101110
11101110101010
10111010101110
10111010101110
10101011101110
11101010111010
10111010111010
11101010111010
11101010111010
10111010111010
10101110101110
11101110101010
11101010101110
10111011101010
10101110111010
10111011101010
10101110111010
10101110111010
11101010111010
10101110101110
11101110101010
11101011101010
10101110101110
10111010101110
11101010101110
11101110101010
11101010111010
11101110101010
10101011101110
10101110101110
10111011101010
11101010111010
10101110101110
11101110101010
10101110111010
10111010111010
11101010101110
10111011101010
10101110101110
10101110101110
10111011101010
11101010101110
10111011101010
10111010111010
10111011101010
10111010111010
11101110101010
10101110101110
11101110101010
10111010101110
11101010111010
10101110101110
11101010101110
11101010101110
10111010111010
10101110111010
11101010101110
11101010111010
11101010111010
11101110101010
10101011101110
10111011101010
10111010111010
10101011101110
10101011101110
11101110101010
10111010111010
10111010101110
10101011101110
11101011101010
10101110111010
10111010111010
11101010111010
11101110101010
11101010111010
10111011101010
10101110101110
10101110101110
11101010111010
10101011101110
11101010101110
10111010111010
11101011101010
10101110101110
10111010101110
10101011101110
11101011101010
11101010101110
10111011101010
10111010101110
11101010101110
11101110101010
11101110101010
11101010111010
10101110101110
11101011101010
10111010111010
11101010101110
10101011101110
11101010101110
10111011101010
10111010101110
10101110111010
11101010101110
11101010101110
11101010101110
10111011101010
10111010111010
10111010111010
11101011101010
11101110101010
11101110101010
10111010101110
11101010111010
10101110111010
11101110101010
10111010101110
10111010101110
10111010111010
10111010101110
10111010111010
10101110101110
10111010101110
10101110111010
11101011101010
10101110101110
11101011101010
11101011101010
10101110101110
10111010111010
10101110111010
11101010111010
10111011101010
11101010101110
11101011101010
11101110101010
10111010101110
11101010101110
11101011101010
10111010101110
11101110101010
10111011101010
10111010101110
10111010101110
11101011101010
11101010111010
10111011101010
10101110111010
10101110101110
11101010101110
10101110101110
10101110101110
10111010111010
10111011101010
11101010101110
11101010111010
11101010111010
11101110101010
11101010101110
11101010101110
11101010101110
10101011101110
10111010101110
10111011101010
10111010111010
10111010101110
10101110101110
10101110111010
11101110101010
10101110111010
10111010111010
10101110111010
10111011101010
11101011101010
10111010101110
11101010111010
10101011101110
11101010101110
11101010101110
